## Default color ##
mbcolors <- c("#E41A1C","#3875c9","#4DAF4A","#885CD1","#FF7F00","#9e9898","#A65628","#f279b9","#749829","#6ebbd4")
