## Default color ##
mbcolors <- c("#D55E00", "#3875C9", "#009E73", "#885CD1", "#9E9898","#E69F00","#F279B9","#56B4E9","#A84000","#7FBC41")
